'Green' 35 85 55 255 100 255
'Blue' 85 135 100 255 100 255
'Pink' 140 170 20 255 100 255
'Oranje' 0 30 160 255 100 255
'Yellow' 0 30 0 255 23 255
'Clouded Yellow' 0 49 0 255 23 255
'Home Yellow' 40 50 60 255 100 255
'Pink Tabla' 168 178 237 247 151 161
'Naranja Tabla' 1 11 250 255 181 191
'Rosa Tabla 2' 163 173 225 235 178 188
'Naranja Def' 1 15 195 255 102 212
'Rosa Casi Def' 167 177 234 244 111 121
'Rojo casi def' 173 179 248 255 114 124
'Azul casi def' 97 107 248 255 115 125
'Azul Def' 90 115 231 255 107 136